N: 2, took: 0.0003058910369873047 to parse and 5.0067901611328125e-06 to create matches. time/N^2: 1.2516975402832031e-06 
N: 2, took: 0.0002639293670654297 to parse and 5.0067901611328125e-06 to create matches. time/N^2: 1.2516975402832031e-06 
N: 4, took: 0.0004131793975830078 to parse and 4.76837158203125e-06 to create matches. time/N^2: 2.980232238769531e-07 
